0 
1 
2 
3 
4 
5 
6 
7 
8 
9 
10 
11 
12 
13 
14 
15 
16 
17 
18 
19 
20 
21 
22 
23 
24 
25 
26 
27 
28 
29 
30 
31 
32 
33 
34 
35 
36 
37 
38 
39 
40 
41 
42 
43 
44 
45 
46 
47 
48 
49 
50 
51 
52 
53 
54 
55 
56 
57 
58 
59 
60 
61 
62 
63 
64 
65 
66 
67 
68 
69 
70 
71 
72 
73 
74 
75 
76 
77 
78 
79 
80 
81 
82 
83 
84 
85 
86 
87 
88 
89 
90 
91 
92 
93 
94 
95 
96 
97 
98 
99 
100 
101 
102 
103 
104 
105 
106 
107 
108 
109 
110 
111 
112 
113 
114 
115 
116 
117 
118 
119 
120 
121 
122 
123 
124 
125 
126 
127 
128 
129 
130 
131 
132 
133 
134 
135 
136 
137 
138 
139 
140 
141 
142 
143 
144 
145 
146 
147 
148 
149 223 125 170 602 479 157 167 442 658 230 142 407 
150 467 180 133 398 213 236 187 470 658 224 143 403 
151 184 144 102 210 214 224 192 492 652 209 192 409 473 179 173 399 
152 1234 101 46 475 341 131 79 279 910 26 39 112 184 139 104 228 656 206 185 415 217 222 183 500 477 188 162 386 
153 340 115 82 303 1238 89 43 502 908 23 39 114 177 143 108 253 661 173 177 457 216 220 177 497 482 176 153 402 
154 1240 96 42 493 338 108 84 282 902 22 43 109 174 141 110 259 660 174 179 452 217 220 174 496 483 178 143 392 
155 1230 179 48 397 900 18 44 110 332 112 97 279 173 140 108 256 661 176 183 449 217 224 181 486 478 180 153 389 
156 1231 183 47 392 897 19 45 103 329 108 98 278 171 138 105 257 666 176 177 449 221 218 178 498 475 173 163 391 
157 895 20 47 97 1228 190 51 379 328 110 99 278 676 181 182 438 171 138 105 259 225 210 182 513 472 174 167 395 
158 1226 186 53 384 1027 6 38 56 894 15 46 83 326 101 97 283 684 187 180 428 167 141 101 254 228 205 183 526 464 172 178 406 
159 1221 130 61 424 1016 6 40 56 886 17 42 78 316 99 101 278 683 192 190 417 164 139 100 256 220 199 194 535 467 177 168 395 
160 1218 191 63 367 881 17 43 73 307 100 99 249 684 197 188 409 155 136 103 262 217 205 200 525 459 179 183 391 
161 1018 62 64 225 871 10 50 74 1216 150 66 384 299 96 106 249 682 201 189 402 150 130 102 273 443 181 179 395 204 206 211 523 
162 868 8 51 72 1011 52 63 252 1192 114 88 441 284 98 106 191 680 196 187 410 437 187 177 389 137 129 106 276 201 206 211 522 
163 852 14 50 62 991 49 72 254 280 105 102 182 1189 109 90 441 674 192 186 418 130 132 104 272 432 186 180 389 198 202 215 531 
164 846 13 50 64 275 103 103 181 1166 97 114 465 669 188 177 428 435 187 162 394 120 139 101 262 196 201 215 534 
165 364 0 38 45 268 100 102 247 1160 117 122 438 665 186 184 433 114 140 102 262 438 186 150 398 192 203 219 529 
166 259 102 101 169 961 67 84 238 1159 137 121 414 668 183 173 440 435 188 153 399 102 138 106 270 189 210 224 522 
167 820 16 49 64 250 106 109 158 954 63 90 242 1158 138 121 414 674 194 162 439 96 135 111 276 442 189 145 394 185 220 230 507 
168 244 105 92 161 1154 144 124 404 951 59 83 254 94 135 114 272 671 198 162 434 440 188 149 391 181 226 235 498 
169 924 65 94 244 238 111 98 157 1157 146 119 399 668 197 164 433 85 136 112 270 445 182 141 397 181 227 236 492 
170 233 110 97 160 916 66 100 238 1155 140 120 410 668 172 166 464 80 133 115 272 443 178 147 407 180 226 238 494 
171 225 107 103 174 913 65 102 235 1155 144 119 400 666 172 165 463 77 130 113 275 447 176 148 406 177 225 243 492 
172 222 94 107 190 914 57 92 239 652 171 158 463 1151 159 117 373 73 129 113 275 447 178 153 402 176 225 246 491 
173 217 90 105 201 907 59 94 230 643 179 175 449 1148 151 118 382 68 128 108 277 444 179 170 399 176 224 246 494 
174 209 90 107 206 902 63 96 224 1146 154 121 384 641 191 173 443 65 128 109 276 444 181 173 402 177 218 242 505 
175 896 60 94 230 207 89 105 212 1143 152 125 388 635 195 186 439 59 110 105 295 445 182 170 400 183 206 213 525 
176 203 90 107 213 884 53 88 235 1141 158 121 381 635 193 181 440 53 110 108 292 444 184 170 396 184 201 208 530 
177 874 57 95 227 198 95 109 208 1137 145 122 393 632 188 190 450 51 114 108 285 184 201 204 529 445 183 161 397 
178 1133 153 128 386 872 62 89 222 195 90 95 228 48 119 111 275 634 190 176 446 185 208 197 513 443 183 158 396 
179 10 23 21 46 1127 153 131 388 867 54 86 234 190 88 97 235 630 193 174 442 36 120 99 268 188 209 192 514 443 188 157 392 
180 1124 150 132 389 187 93 95 246 861 57 88 229 627 195 174 440 32 121 100 265 442 190 155 394 191 215 188 500 
181 1103 143 141 390 855 60 87 219 188 94 89 248 627 182 183 439 26 119 101 268 443 193 153 392 193 217 184 499 
182 1105 146 137 389 855 71 78 203 184 98 88 263 197 221 179 488 24 117 99 274 443 190 154 402 621 190 192 448 
183 857 93 64 181 1109 141 130 394 177 98 90 277 198 220 179 461 622 194 190 441 23 115 97 280 446 191 153 402 
184 852 75 60 200 1067 4 38 94 1110 144 129 391 172 100 91 280 206 205 186 490 620 195 191 438 21 112 95 285 450 192 153 399 
185 853 67 54 213 1131 0 43 75 1062 0 34 102 1111 144 123 386 169 100 93 282 21 114 91 283 618 197 192 436 210 221 182 489 455 189 149 399 
186 1059 0 36 102 1132 0 42 70 839 51 69 194 1110 139 122 385 166 98 93 282 617 195 188 438 18 113 90 283 213 223 182 489 459 183 143 407 
187 835 51 70 199 1106 135 125 391 624 170 185 461 164 99 92 283 18 118 90 274 219 227 183 480 465 177 135 414 
188 825 49 75 210 1104 133 127 390 622 173 193 455 163 100 93 282 224 227 187 480 15 118 91 272 464 172 138 419 
189 1050 1 42 85 823 55 74 197 1105 130 123 394 623 173 196 452 227 229 191 474 160 98 92 285 12 117 91 272 462 177 141 410 
190 819 47 76 212 626 179 196 439 1100 134 127 382 231 221 190 488 457 179 147 412 11 120 90 267 157 98 96 284 
191 814 52 77 205 624 181 198 435 1097 134 131 387 231 220 194 492 9 116 90 271 451 175 152 423 155 98 98 282 
192 1040 4 45 63 626 180 196 435 813 49 72 212 1098 142 125 373 238 220 186 495 4 115 97 275 449 176 155 421 152 97 99 282 
193 625 180 195 438 807 37 71 234 1099 138 125 369 0 114 90 271 238 218 187 495 151 88 98 289 447 175 158 411 
194 626 179 195 437 803 29 72 248 1099 137 123 365 0 110 84 272 143 84 100 292 238 211 188 509 445 173 158 411 
195 627 174 192 448 1101 129 118 377 784 27 93 244 0 105 83 273 244 197 189 512 141 82 101 288 441 168 164 419 
196 781 24 94 240 629 175 186 445 1098 138 119 364 257 211 184 510 0 102 79 272 139 79 102 288 444 161 159 426 
197 633 171 181 448 779 20 90 239 1101 106 115 390 0 98 78 274 263 199 179 530 138 71 101 296 443 156 162 433 
198 633 175 183 438 783 18 79 234 1102 97 119 403 0 95 79 272 138 64 98 306 269 193 184 505 446 150 162 439 
199 784 7 78 239 631 170 184 440 1106 97 120 393 0 92 79 271 285 193 182 502 444 141 175 452 139 54 101 322 
200 780 0 83 252 1111 94 119 382 634 164 183 441 142 62 96 291 471 138 156 429 0 89 81 272 292 186 184 513 
201 788 6 75 231 1115 84 119 387 661 151 174 463 142 59 99 293 491 142 142 416 0 88 86 273 303 172 203 542 
202 1119 81 111 390 792 9 70 223 672 151 150 460 152 56 101 294 506 132 133 431 0 85 88 276 316 163 203 555 
203 1119 83 115 381 791 6 68 227 676 141 150 460 1 80 86 278 151 52 102 295 506 125 139 428 325 167 209 544 
204 1121 71 108 396 791 0 68 218 675 139 155 457 1 80 86 276 329 179 211 521 151 51 104 292 508 118 142 427 
205 1119 80 110 382 793 0 65 218 677 139 154 455 337 171 229 542 0 64 87 278 149 48 106 290 510 122 140 421 
206 1121 72 108 391 791 0 67 220 677 141 156 451 0 79 87 276 149 48 106 290 341 188 234 516 511 120 141 419 
207 1111 75 121 388 792 0 66 221 0 84 88 269 682 145 153 445 150 51 105 287 356 177 235 539 516 103 166 458 
208 1118 81 115 381 795 0 64 224 689 152 155 440 1 79 89 282 366 189 227 517 153 52 102 289 521 111 163 460 
209 1117 77 117 385 796 0 65 222 374 223 208 489 689 156 163 441 7 85 89 274 153 54 103 288 525 118 162 454 
210 1116 78 120 384 796 9 64 217 369 228 258 483 687 145 178 466 0 84 90 279 152 53 104 288 527 121 160 448 
211 1112 83 122 382 789 9 72 217 378 224 204 488 691 135 171 476 1 78 85 283 144 37 119 313 528 133 169 427 
212 1111 81 116 379 766 0 89 222 382 227 196 486 685 148 164 467 0 82 79 278 127 44 125 311 518 124 169 442 
213 1098 84 115 375 759 18 98 210 1 83 72 279 679 149 164 475 122 43 121 317 386 229 197 485 513 128 173 433 
214 1094 91 108 374 756 14 89 220 1 93 65 274 391 239 187 474 122 50 119 313 678 153 158 478 515 135 167 429 
215 1091 98 109 378 753 16 92 223 1 100 61 269 118 50 117 314 393 236 183 471 516 134 165 436 672 157 164 480 
216 1074 89 104 385 739 16 80 221 0 107 56 260 508 150 150 441 114 68 121 296 667 174 168 482 398 240 175 462 
217 1070 89 111 391 729 14 90 227 664 170 170 488 0 107 50 264 112 73 103 293 513 146 140 452 404 224 190 498 
218 728 21 88 215 656 173 186 484 0 117 43 255 1062 90 115 383 102 70 111 294 517 149 132 448 410 221 188 499 
219 0 123 37 249 1054 99 116 372 639 183 181 462 717 14 95 227 411 231 192 480 98 67 120 300 516 151 131 442 
220 0 106 36 271 689 0 34 108 641 178 175 471 1050 108 114 368 723 12 73 236 93 69 121 304 415 225 188 492 517 157 127 433 
221 686 0 38 108 1047 109 109 371 718 16 72 231 639 180 174 472 91 75 121 299 420 230 187 488 520 160 122 430 
222 710 28 78 216 680 0 44 110 1039 109 120 386 430 240 186 473 639 183 171 476 71 83 132 299 522 169 120 424 
223 676 0 44 109 685 17 91 215 1033 114 127 376 433 243 184 467 523 171 118 425 635 188 178 466 69 79 133 308 
224 674 17 100 215 1028 116 122 370 524 175 116 413 436 245 188 464 68 81 129 307 626 189 187 461 
225 548 164 100 440 1027 111 122 376 673 20 100 213 441 241 183 469 65 82 128 303 625 186 183 465 
226 520 165 121 328 1015 101 117 394 672 15 98 222 66 84 123 300 622 189 189 461 450 246 203 480 
227 498 178 143 300 671 13 94 229 1013 107 113 388 626 190 188 464 70 95 107 285 451 248 212 468 
228 482 182 161 278 674 22 89 229 1011 114 109 382 631 193 179 476 456 244 215 476 67 100 106 292 
229 945 0 38 56 1122 0 50 52 1008 126 113 377 675 24 77 222 467 187 177 265 637 202 168 476 473 265 206 452 69 97 101 310 
230 661 15 41 133 1149 0 49 62 944 0 38 62 1122 0 50 60 675 12 71 232 640 206 167 474 1004 139 114 358 63 101 112 308 481 276 208 435 466 193 183 258 
231 1160 0 49 101 943 6 40 57 1118 5 40 61 1156 3 43 65 672 27 64 217 651 211 150 472 1005 143 108 361 507 283 192 432 67 119 105 295 461 204 184 262 
232 1117 13 44 58 662 7 40 176 671 38 56 191 945 5 38 62 1157 0 52 101 653 210 149 480 1003 148 109 355 66 126 105 288 512 291 198 409 464 208 182 267 
233 664 17 68 171 945 6 38 64 1114 15 45 57 1157 0 53 98 1003 151 106 358 659 231 185 471 477 213 158 274 62 134 107 280 536 280 177 433 
234 556 20 28 45 602 14 40 84 664 26 61 206 945 9 37 67 1157 0 53 116 662 230 188 479 998 152 107 359 60 136 109 278 490 204 128 446 543 294 178 443 
235 1113 14 33 61 943 5 39 64 657 17 55 220 1157 0 54 124 668 232 186 469 57 134 111 279 994 147 106 361 560 278 178 438 490 206 129 443 
236 655 8 57 237 1157 0 54 127 679 204 166 475 58 127 110 284 993 140 101 368 567 266 189 455 488 214 140 424 
237 1112 6 32 59 660 9 73 236 1161 0 51 129 683 212 227 455 54 103 119 303 994 134 97 371 577 262 192 443 486 210 150 423 
238 1165 0 51 127 664 11 66 237 697 196 204 479 591 259 223 437 53 94 122 303 991 127 98 377 484 202 153 429 
239 1170 0 51 108 659 3 75 241 706 200 190 464 607 253 216 440 64 94 107 288 989 121 106 367 487 182 151 437 
240 662 4 68 236 638 206 232 474 63 78 121 303 992 109 103 374 494 178 154 439 
241 1193 0 45 96 667 0 64 221 746 179 143 496 641 246 232 455 66 69 129 308 993 103 112 358 497 175 163 437 
242 744 160 148 331 665 0 86 208 666 248 218 445 998 98 113 357 70 67 131 301 497 170 175 435 
243 672 6 83 198 689 188 226 513 1004 93 112 360 76 69 125 294 510 160 178 442 
244 798 147 119 478 75 52 126 305 677 5 83 202 697 230 215 480 1011 84 115 373 520 161 169 437 
245 680 5 81 202 112 70 108 294 996 97 112 345 706 226 210 488 529 165 160 434 
246 674 20 85 196 719 213 206 465 530 165 160 430 991 96 109 350 120 70 108 294 
247 670 18 82 204 719 221 206 499 989 100 107 346 529 170 160 422 120 72 108 289 
248 663 19 78 211 980 114 116 334 721 220 212 508 529 171 163 427 122 82 107 276 
249 0 149 35 245 659 32 74 201 952 106 116 337 529 185 173 410 724 219 208 508 128 94 104 262 
250 1258 0 21 109 0 146 34 260 1152 0 48 119 644 30 75 211 527 193 179 401 941 116 121 325 127 97 101 260 732 223 195 511 
251 634 35 72 195 1246 0 32 103 941 138 101 293 128 98 95 260 525 193 178 407 737 227 182 508 
252 585 5 30 50 631 31 74 203 0 157 36 230 1026 5 49 99 1124 0 45 126 904 4 32 57 925 135 98 303 1224 0 46 107 742 228 165 508 516 195 185 398 134 96 89 262 
253 1249 121 31 343 1006 4 46 104 891 5 33 61 0 160 40 218 618 47 70 189 891 118 127 323 1105 0 45 127 744 231 160 493 1203 0 44 110 137 99 88 258 516 193 176 397 
254 738 214 63 222 0 122 44 255 604 46 93 185 1228 153 51 290 882 6 33 58 1096 0 46 122 1194 0 49 99 882 127 132 304 747 227 159 493 133 94 92 261 515 190 170 394 
255 874 3 31 56 734 196 69 243 590 48 78 176 1184 0 50 93 1089 0 45 123 881 123 96 305 751 222 158 499 1210 143 72 305 119 89 103 259 503 180 164 400 
256 975 0 47 106 868 0 29 51 729 189 70 255 587 43 72 175 1175 0 44 76 1079 0 47 116 850 115 128 313 753 220 180 503 117 94 96 244 1200 139 81 300 499 178 165 390 
257 1076 0 49 105 1168 0 49 68 725 192 75 255 866 130 93 282 1184 137 86 306 751 225 188 490 112 80 90 254 498 175 156 389 
258 1154 0 48 66 569 25 75 189 1069 0 49 98 713 184 89 295 843 90 115 324 753 227 186 484 1172 120 98 316 110 75 89 257 496 168 156 394 
259 1063 0 47 93 709 173 101 393 848 102 95 290 1155 123 105 310 753 228 188 483 103 73 81 255 491 168 155 393 
260 545 19 75 175 832 103 91 273 705 173 108 388 753 230 186 487 1135 132 110 293 483 163 162 384 104 72 79 259 
261 1044 0 45 87 539 17 70 174 824 116 92 252 1130 118 120 327 702 179 110 374 750 222 194 500 484 162 162 384 102 74 79 256 
262 1038 0 44 72 528 20 71 174 1234 181 43 393 700 175 113 382 492 172 147 385 756 209 209 518 1117 127 105 307 100 75 77 257 
263 506 0 28 47 1031 0 43 68 801 105 84 162 518 37 70 166 1224 179 57 388 1105 134 99 298 92 71 83 259 694 176 118 385 496 170 142 390 755 214 216 512 
264 1027 0 42 66 513 35 67 169 777 106 102 181 1215 190 66 371 1086 136 109 285 87 72 82 259 689 173 120 395 487 170 151 388 754 227 211 492 
265 1023 0 37 59 491 0 30 42 1218 2 45 89 511 29 69 179 1203 194 74 360 773 110 101 178 1075 133 108 304 754 231 205 481 80 74 83 254 687 167 123 402 476 177 165 377 
266 487 1 30 44 1012 4 33 56 1202 1 49 94 766 113 94 161 504 31 62 178 1166 186 111 372 81 79 76 250 1067 138 115 289 752 239 204 468 687 173 126 391 473 174 168 383 
267 1201 8 42 90 775 4 32 41 879 3 31 90 1246 0 33 117 1080 0 47 67 1008 2 31 56 497 39 64 169 757 117 102 154 1058 143 106 288 77 79 74 251 1154 186 125 369 751 240 206 471 688 178 120 391 471 175 172 384 
268 540 5 41 63 867 3 32 95 768 4 33 44 1240 0 37 112 1077 1 45 65 489 45 69 159 1039 147 109 277 747 112 95 154 76 85 74 242 1145 189 128 372 754 241 197 468 686 173 120 405 472 177 174 383 
269 1062 3 50 62 1022 142 112 280 732 131 96 132 480 56 79 149 1135 184 136 376 76 83 74 245 758 231 196 481 688 182 118 389 469 179 175 380 
270 538 11 35 46 854 7 33 91 758 7 29 41 1008 142 102 171 1180 9 36 95 471 10 25 42 1218 0 42 98 472 52 67 156 725 113 93 149 1060 4 48 64 1113 188 156 359 76 87 71 239 759 229 197 487 686 184 124 389 461 181 186 373 
271 752 7 30 39 716 110 83 149 470 8 25 43 1175 7 39 93 1217 0 44 89 469 52 69 152 1005 131 100 289 1059 2 41 66 689 182 126 386 768 223 193 497 1095 180 160 372 76 87 71 238 461 186 182 365 
272 751 5 31 39 715 113 84 144 996 145 99 125 469 8 26 46 1219 1 40 71 1172 5 38 94 466 49 72 155 1058 2 42 70 775 216 192 507 1093 180 161 374 73 83 73 243 686 176 137 393 460 186 181 363 
273 521 9 32 46 749 5 32 39 992 135 100 138 463 48 76 151 708 110 88 132 468 9 24 46 1216 2 43 66 1170 3 37 92 1055 0 46 85 808 211 173 512 1088 179 166 378 72 82 74 244 687 172 157 397 457 185 185 365 
274 531 8 31 37 463 8 26 42 976 137 101 136 745 0 28 42 699 118 96 109 1214 0 43 69 519 8 32 45 462 44 76 152 1168 3 38 84 1054 0 44 90 1084 180 158 379 817 213 165 513 70 80 72 243 693 172 156 392 456 183 184 369 
275 1206 1 38 67 739 2 33 42 973 137 99 133 449 38 75 162 518 9 32 39 463 5 22 48 989 0 31 58 1168 0 40 76 1051 0 43 91 836 205 150 522 1072 181 174 372 691 167 153 398 67 77 73 246 436 176 196 382 
276 735 3 33 38 1168 1 38 70 457 3 28 48 981 0 37 57 516 1 33 44 1047 0 45 92 843 209 153 516 690 166 153 396 1065 185 173 361 55 80 79 242 436 180 191 373 
277 456 2 27 44 1204 1 31 59 1155 4 41 64 970 1 45 60 512 0 34 44 433 37 87 169 1042 0 45 100 677 171 178 391 844 210 162 512 1062 182 158 365 56 79 75 243 433 179 186 372 
278 509 0 33 40 1150 1 42 63 423 30 85 150 970 2 42 65 1037 0 50 105 679 176 186 380 1051 172 148 357 842 196 172 496 52 80 74 240 443 178 165 373 
279 438 28 43 154 1032 0 46 103 967 0 39 71 419 15 81 168 1148 2 34 55 684 158 184 388 841 198 173 494 45 81 78 235 1039 170 148 353 442 170 155 367 
280 491 0 34 37 1137 4 32 55 961 0 41 73 417 19 86 161 635 106 92 130 1027 0 49 99 687 154 180 397 40 76 80 234 842 183 203 530 1031 161 149 355 449 165 144 376 
281 956 0 39 77 1132 4 32 48 411 23 94 158 630 105 93 128 1022 0 48 95 35 74 83 236 681 162 189 384 450 163 141 380 1027 159 148 349 845 181 205 535 
282 951 0 40 77 408 24 95 156 1127 5 31 48 622 104 91 135 1013 0 51 94 1008 152 135 358 33 72 80 236 453 161 137 384 660 182 217 363 836 204 219 518 
283 945 0 35 96 411 33 43 148 1113 6 32 49 613 105 85 135 384 22 94 146 1005 0 48 95 1002 161 134 345 684 168 183 370 31 73 78 234 454 165 140 378 835 212 220 504 
284 939 0 34 98 1107 7 29 46 1000 0 43 76 831 210 226 510 689 171 175 362 26 72 83 235 450 167 152 375 987 156 148 350 
285 931 0 40 102 589 100 84 153 377 21 96 154 1102 6 32 47 993 1 44 69 819 212 218 478 18 73 87 231 449 166 157 377 687 169 173 365 976 154 145 346 
286 1089 6 30 48 925 0 40 98 373 23 94 152 988 0 47 67 821 195 207 508 14 77 81 227 965 152 124 348 444 166 161 375 686 165 167 371 
287 368 22 86 154 1084 6 31 45 818 200 206 498 980 2 45 60 7 74 74 229 691 160 152 376 957 152 128 341 439 170 165 367 
288 366 15 82 166 1076 6 31 47 973 1 45 61 5 69 69 237 819 194 206 508 949 153 135 343 691 156 147 386 432 164 160 378 
289 905 0 41 91 1076 4 32 48 967 0 44 61 820 189 204 518 5 67 66 235 947 155 126 339 694 153 134 390 427 159 164 386 
290 1074 6 31 46 1124 0 50 88 902 0 41 75 945 170 127 327 960 0 44 61 825 182 199 534 4 75 58 224 697 158 123 384 426 162 156 382 
291 384 2 31 38 963 203 93 273 1122 0 50 90 527 104 86 144 900 0 40 73 957 2 46 59 858 177 179 538 4 72 51 233 424 161 157 384 702 154 116 393 
292 530 101 74 153 1074 7 26 52 1053 7 26 53 899 1 41 67 1120 0 46 92 956 1 45 60 862 224 183 484 3 72 50 233 425 162 152 382 704 153 116 394 
293 1070 3 34 78 1052 7 25 56 1118 0 44 88 897 0 41 65 953 0 45 60 879 229 173 482 2 70 51 234 703 158 123 382 423 160 155 385 
294 1056 3 39 76 897 1 42 63 1116 0 45 92 950 0 46 61 881 224 175 485 2 72 50 235 705 158 132 384 424 156 157 394 
295 1118 1 41 84 866 178 76 293 1056 2 36 81 898 1 42 63 952 0 44 60 3 74 50 232 708 158 137 380 887 218 179 494 430 149 149 404 
296 378 2 23 42 1059 4 34 85 899 1 42 62 953 1 44 60 861 179 88 297 3 75 46 233 728 155 147 387 434 145 145 414 888 222 181 490 
297 378 7 25 46 1116 5 43 64 1061 9 32 82 900 1 44 61 956 4 41 59 4 84 47 230 731 159 146 380 857 181 89 300 455 164 129 402 911 239 174 465 
298 1118 6 41 63 418 8 34 51 378 9 26 44 1061 11 34 82 909 5 36 55 958 8 39 57 855 172 93 315 4 83 50 232 736 180 146 376 919 233 177 472 462 166 130 403 
299 1060 13 37 83 911 6 37 56 960 10 38 56 853 172 96 310 3 85 52 231 927 230 179 476 733 178 150 387 474 158 121 418 
300 1133 6 30 61 1070 10 32 79 912 6 37 53 961 10 38 55 842 158 124 336 4 84 53 234 927 228 232 481 743 179 139 386 478 165 120 406 
301 1070 9 30 80 963 7 44 60 913 5 33 53 846 160 122 333 5 83 50 234 747 146 137 410 493 163 107 408 937 220 223 506 
302 1071 2 30 79 382 5 30 52 916 1 42 60 479 102 70 162 964 1 44 71 4 79 51 229 740 146 158 396 486 156 122 397 934 223 223 492 
303 910 0 39 49 960 2 42 64 473 96 70 177 0 70 55 233 489 152 127 398 736 143 169 385 941 224 217 497 
304 466 95 74 188 0 63 60 234 480 155 142 394 738 147 169 381 948 185 208 528 
305 957 0 43 70 451 109 69 246 1 64 51 231 750 150 147 379 482 143 136 417 934 221 227 491 
306 2 36 22 283 953 0 41 76 714 117 78 143 1 74 51 219 447 104 71 249 753 156 134 366 940 215 222 502 476 149 147 407 
307 697 111 74 169 899 0 46 64 0 83 27 224 947 0 45 91 431 104 95 251 752 151 134 392 936 220 224 505 473 148 146 412 
308 683 113 84 149 669 0 29 91 895 3 41 67 424 120 87 240 945 0 40 96 745 153 134 393 466 169 139 399 938 230 225 487 
309 672 131 79 220 654 7 31 80 1030 4 44 61 886 2 42 79 418 120 84 240 930 0 44 96 739 171 138 386 461 171 138 405 948 233 210 490 
310 643 4 32 85 584 9 34 37 396 127 74 234 879 2 41 90 921 3 46 98 662 127 74 241 730 171 142 394 447 178 145 394 962 238 185 483 
311 573 9 36 46 632 10 32 86 647 135 74 225 909 10 44 89 872 5 34 93 379 171 85 199 714 169 132 402 440 188 151 387 978 241 165 479 
312 566 12 36 49 639 143 77 249 367 122 90 258 862 10 39 93 903 15 44 89 712 165 130 416 445 198 141 377 991 242 152 494 
313 971 28 22 56 866 8 31 121 565 27 30 38 239 38 39 183 630 145 65 251 904 21 37 92 366 158 78 226 699 159 144 432 449 196 138 400 997 237 155 480 
314 226 56 80 158 564 35 29 40 690 197 71 299 715 188 120 404 905 28 36 95 627 154 69 249 363 151 81 243 446 203 142 397 1005 248 165 472 
315 619 41 32 66 905 42 38 85 563 39 30 44 691 227 77 289 703 192 128 397 625 167 78 247 365 156 83 247 462 225 126 397 1011 254 163 473 
316 229 80 46 141 621 47 25 69 737 218 115 394 1080 42 29 66 865 36 35 121 565 47 30 47 620 179 74 232 684 226 82 288 469 217 128 416 361 141 81 260 906 41 37 103 1020 261 159 454 
317 618 45 33 62 568 47 31 45 681 232 84 284 739 221 110 386 623 174 75 237 366 161 81 240 475 226 114 402 1026 267 164 446 
318 205 64 74 159 1080 35 30 72 562 39 31 47 616 43 28 61 718 214 117 363 870 37 36 95 610 173 73 241 481 205 110 421 342 124 83 262 907 41 40 79 666 226 91 284 1032 271 163 448 
319 1077 33 29 69 611 40 27 56 1010 33 23 33 199 57 76 164 487 197 129 410 557 35 30 46 871 33 35 89 657 190 86 316 601 157 67 257 903 32 37 79 717 209 115 375 340 115 81 273 1032 264 167 458 
320 1076 25 30 73 194 58 77 152 1008 24 28 44 607 30 29 52 902 28 38 66 553 30 32 45 861 26 42 90 595 156 71 251 648 194 96 300 475 199 111 408 338 114 80 268 718 196 113 386 1037 251 167 477 
321 1074 20 29 69 603 26 32 49 860 16 40 88 551 24 33 47 899 21 39 73 633 193 98 289 589 148 74 253 473 202 119 395 341 112 76 267 710 181 117 401 1036 247 170 477 
322 311 20 30 48 1071 14 29 65 550 19 27 46 1249 33 31 79 193 50 49 149 596 21 29 49 857 15 41 80 891 16 46 63 618 192 103 281 580 146 71 255 1034 249 174 468 702 186 116 384 331 109 76 261 473 196 163 396 
323 991 10 30 44 592 21 26 44 856 11 40 77 540 10 31 52 599 178 131 304 185 44 51 158 575 137 71 268 1029 248 185 467 700 177 118 387 327 100 70 274 470 191 166 395 
324 888 8 39 57 987 7 32 56 300 9 32 54 854 11 40 72 587 11 29 52 568 128 64 234 536 10 30 49 184 35 47 171 1031 251 179 460 594 184 137 296 320 108 70 263 694 180 117 383 470 187 162 393 
325 936 13 29 34 852 12 40 70 298 9 28 51 889 8 34 58 582 11 28 50 530 11 31 47 175 44 51 154 1032 243 181 477 591 178 138 301 317 106 72 262 684 184 124 377 472 189 158 389 
326 973 6 41 73 931 13 30 37 851 11 40 68 577 9 33 55 887 9 35 54 525 8 36 55 166 43 50 160 313 115 72 250 1029 225 189 500 584 187 138 289 680 186 126 376 471 189 157 388 
327 1224 27 45 69 572 11 32 53 852 4 36 66 522 8 34 53 975 6 38 73 883 11 37 50 161 43 52 156 576 174 138 312 302 119 72 242 1062 231 164 490 663 188 138 365 467 190 160 394 
328 922 18 36 51 1220 28 47 66 570 10 30 54 850 3 35 66 881 13 37 47 150 43 70 161 970 7 39 72 520 8 34 53 574 178 98 293 303 113 68 248 1060 229 173 494 661 187 137 366 462 189 145 387 
329 878 12 38 41 567 10 29 53 849 4 35 61 145 41 72 163 967 8 38 69 517 10 33 49 556 167 134 312 300 105 66 256 1066 229 163 496 458 185 143 395 658 179 134 380 
330 877 12 36 36 851 7 32 51 961 6 40 64 546 168 135 310 562 10 30 53 137 40 79 161 513 9 32 50 1079 234 158 481 292 101 69 264 460 174 139 413 654 180 135 376 
331 206 24 21 49 879 11 36 36 848 7 36 47 563 196 90 267 959 5 43 73 559 10 31 54 507 10 33 49 138 44 51 164 1082 228 170 488 459 175 139 414 289 103 70 261 649 182 140 370 
332 876 10 39 33 562 187 83 277 957 6 42 63 556 10 31 54 504 8 34 52 134 47 52 156 1082 218 181 505 461 178 136 403 285 99 73 265 635 185 155 367 
333 556 18 33 48 876 10 42 42 501 8 36 56 131 48 49 159 954 6 44 63 1108 228 168 481 476 179 116 408 633 191 157 354 287 99 72 266 
334 493 138 65 106 554 16 32 56 908 25 23 45 874 9 36 49 500 6 37 60 125 42 52 167 953 6 42 63 1109 230 167 480 487 194 131 389 629 189 159 357 284 97 75 267 
335 550 14 27 57 496 7 36 57 117 36 48 185 492 138 62 112 907 26 23 46 948 7 46 69 489 185 127 396 1115 234 162 472 629 186 157 363 284 96 74 270 
336 875 19 32 53 548 16 29 57 494 8 36 55 948 10 44 66 491 187 125 404 905 27 23 45 1116 232 159 478 625 187 160 361 279 98 77 268 
337 495 19 29 48 857 16 48 62 904 28 21 49 546 23 28 56 947 12 44 65 496 190 127 393 277 103 75 268 624 182 155 369 1116 237 160 470 
338 540 26 28 56 854 16 47 61 491 17 32 53 944 14 45 69 502 192 122 390 272 106 78 264 1117 249 159 454 624 184 154 369 
339 462 138 74 116 859 21 32 54 884 28 29 51 536 23 34 74 487 20 31 53 940 16 47 71 510 192 106 401 1118 251 159 447 269 109 78 265 619 189 157 365 
340 843 16 28 57 885 33 27 46 430 188 106 263 95 67 49 150 534 23 32 77 859 21 33 56 940 19 45 71 483 25 30 53 508 192 109 408 267 117 78 258 1119 257 159 445 618 187 156 370 
341 866 24 45 61 859 27 36 52 533 26 31 85 419 173 124 425 90 70 49 147 839 20 28 57 481 27 31 54 942 21 43 75 266 119 73 261 511 193 111 407 595 181 167 388 1123 266 157 432 
342 881 34 29 48 859 26 42 58 481 29 29 52 532 25 30 90 266 121 72 260 941 21 42 76 413 172 125 417 82 73 52 142 838 21 26 61 513 190 109 416 1131 264 150 439 594 178 167 395 
343 481 30 27 57 407 177 131 321 860 29 41 58 941 23 43 76 530 27 30 104 263 117 75 263 835 20 29 67 79 72 50 146 514 186 115 419 595 181 165 394 1144 259 136 452 
344 860 30 36 58 416 194 101 273 529 28 31 106 78 72 48 149 264 126 71 256 944 25 40 85 832 20 29 70 522 193 119 409 595 191 162 384 1160 256 119 460 
